0.022
0.0235
0.0335
0.024
0.0185
0.023
0.0115
0.0215
0.022
0.0435
0.0255
0.0215
0.024
0.0245
0.0235
0.024
0.0375
0.0325
0.0235
0.0245
0.023
0.0255
0.025
0.024
0.024
0.0235
0.024
0.024
0.0255
0.022
0.0235
0.024
0.0235
0.022
0.025
0.025
0.0275
0.023
0.022
0.0215
0.024
0.0235
0.023
0.0275
0.0285
0.024
0.0235
0.0235
0.022
0.0235
0.0235
0.0225
0.024
0.024
0.025
0.0285
0.0235
0.0255
0.0255
0.0235
0.0235
0.025
0.023
0.023
0.024
0.0225
0.0255
0.0235
0.023
0.0215
0.022
0.0235
0.0235
0.0235
0.024
0.024
0.0215
0.0235
0.0235
0.025
0.0235
0.025
0.0235
0.023
0.025
