29.8
24.3
23.7
26.5
26.6
26.7
27.8
34.8
23.9
26.1
24.4
26.35
26.25
24.95
30.1
25.2
24
32.85
24.85
25.3
23.4
23.05
23.5
25.6
25.2
25.4
23.65
24.85
25.95
23.6
25.35
25.1
24.3
24.55
23.75
23.7
23.45
24.35
26.25
26.75
23.85
24.05
23.95
25.25
26.5
26.55
25.25
25.15
23.8
24.85
24.45
23.25
26.1
24.7
24.1
23.85
23.65
23.8
23.25
24.75
24.5
24.1
24.3
23.6
24.15
26.2
24.6
24.45
24.55
23.65
29
24.05
24.15
25.55
23.85
34.65
23.3
24.05
23.75
25.15
23.9
23.65
23.5
23.7
25.75
24.8
24.05
23.85
23.95
22.95
26.05
24.75
25.15
24.85
25.4
27.05
25.05
25.1
24.5
23.6
