0.0195
0.0205
0.0205
0.0255
0.021
0.0215
0.021
0.0205
0.021
0.02
0.021
0.0215
0.021
0.02
0.0205
0.021
0.0205
0.021
0.0205
0.02
0.02
0.021
0.018
0.0205
0.0205
0.02
0.0205
0.021
0.021
0.0215
0.021
0.021
0.02
0.02
0.0195
0.035
0.021
0.0175
0.0205
0.0215
0.021
0.0195
0.022
0.0205
0.0195
0.021
0.02
0.019
0.0205
0.02
0.02
0.02
0.02
0.0205
0.0205
0.02
0.02
0.0205
0.0205
0.0205
0.0205
0.02
0.0335
0.0195
0.019
0.0205
0.019
0.02
0.02
0.02
0.019
0.02
0.0195
0.02
0.021
0.02
0.0195
0.0285
0.0205
0.0205
0.026
0.02
0.0255
0.0205
0.0195
0.0205
0.0205
0.0245
0.021
0.0205
0.021
0.019
0.021
0.02
0.02
0.021
0.0215
0.0215
0.02
0.034
